0.04999999999999716
0.1600000000000037
0.015000000000000568
0.32500000000000284
0.14500000000000313
0.14500000000000313
0.10999999999999943
0.19999999999999574
0.5900000000000034
0.015000000000000568
0.5799999999999983
0.10500000000000398
0.00999999999999801
0.4799999999999969
0.12999999999999545
0.18999999999999773
0.23000000000000398
0.10000000000000142
0.09000000000000341
0.27999999999999403
0.05999999999999517
0.07000000000000028
0.19000000000000483
0.0899999999999963
0.10999999999999943
0.259999999999998
0.0799999999999983
0.4399999999999977
0.060000000000002274
0.04899999999999949
0.2510000000000048
0.17099999999999937
0.04999999999999716
0.060000000000002274
0.240000000000002
0.259999999999998
0.12999999999999545
0.36999999999999744
0.09000000000000341
0.0
0.030000000000001137
0.0
0.020000000000003126
0.1600000000000037
0.12000000000000455
0.09000000000000341
0.18999999999999773
0.11999999999999744
0.14999999999999858
0.19000000000000483
0.1599999999999966
0.060000000000002274
0.07000000000000028
0.03999999999999915
0.10000000000000142
0.3399999999999963
0.11999999999999744
0.030000000000001137
0.23000000000000398
0.25
0.07000000000000028
0.0799999999999983
0.21000000000000085
0.394999999999996
0.23999999999999488
0.08499999999999375
0.36000000000000654
0.3300000000000054
0.05000000000000426
0.1700000000000017
0.00999999999999801
0.17999999999999972
0.02499999999999858